 0	200.000000000	-0.000172257	-0.025185945	-0.000236630	0.000000000	0.000000000	
 1	200.000000000	-0.000094771	-0.026345851	-0.000221729	0.000000000	0.000000000	
 2	200.000000000	-0.000213981	-0.042762164	-0.000209212	0.000000000	0.000000000	
 3	200.000000000	-0.000025034	-0.028932096	-0.000200868	0.000000000	0.000000000	
 4	200.000000000	-0.000078678	-0.030030612	-0.000196099	0.000000000	0.000000000	
 5	200.000000000	-0.000087023	-0.031043891	-0.000185967	0.000000000	0.000000000	
 6	200.000000000	-0.000088215	-0.031532053	-0.000180602	0.000000000	0.000000000	
 7	200.000000000	-0.000092387	-0.031864647	-0.000173450	0.000000000	0.000000000	
 8	200.000000000	-0.000159740	-0.036148433	-0.000168085	0.000000000	0.000000000	
 9	200.000000000	-0.000129342	-0.039597157	-0.000164509	0.000000000	0.000000000	
10	200.000000000	-0.000195503	-0.048913959	-0.000163317	0.000000000	0.000000000	
11	200.000000000	-0.000079870	-0.049186353	-0.000160933	0.000000000	0.000000000	
12	200.000000000	0.000098944	-0.039333705	-0.000158548	0.000000000	0.000000000	
13	200.000000000	0.000030398	-0.032095913	-0.000156760	0.000000000	0.000000000	
14	200.000000000	-0.000114441	-0.035658482	-0.000153184	0.000000000	0.000000000	
15	200.000000000	-0.000128746	-0.037741069	-0.000146031	0.000000000	0.000000000	
16	200.000000000	-0.000289083	-0.039032701	-0.000147820	0.000000000	0.000000000	
17	200.000000000	-0.000053644	-0.044271950	-0.000144839	0.000000000	0.000000000	
18	200.000000000	-0.000032783	-0.033974055	-0.000141859	0.000000000	0.000000000	
19	200.000000000	-0.000051856	-0.033770207	-0.000138879	0.000000000	0.000000000	
20	200.000000000	-0.000082850	-0.035153035	-0.000132322	0.000000000	0.000000000	
21	200.000000000	-0.000081658	-0.033683781	-0.000127554	0.000000000	0.000000000	
22	200.000000000	-0.000280738	-0.040620569	-0.000129342	0.000000000	0.000000000	
23	200.000000000	-0.000044703	-0.033198599	-0.000118613	0.000000000	0.000000000	
24	200.000000000	-0.000080466	-0.033730272	-0.000113249	0.000000000	0.000000000	
25	200.000000000	-0.000088811	-0.034242276	-0.000111461	0.000000000	0.000000000	
26	200.000000000	-0.000089407	-0.034105781	-0.000107288	0.000000000	0.000000000	
27	200.000000000	-0.000082850	-0.033787493	-0.000103712	0.000000000	0.000000000	
28	200.000000000	-0.000096560	-0.034264330	-0.000101328	0.000000000	0.000000000	
29	200.000000000	-0.000155568	-0.034196977	-0.000102520	0.000000000	0.000000000	
30	200.000000000	-0.000070930	-0.034389500	-0.000104904	0.000000000	0.000000000	
31	200.000000000	-0.000088811	-0.033817891	-0.000107884	0.000000000	0.000000000	
32	200.000000000	-0.000087619	-0.033944253	-0.000110865	0.000000000	0.000000000	
33	200.000000000	-0.000222325	-0.033920411	-0.000113845	0.000000000	0.000000000	
34	200.000000000	-0.000072718	-0.034093264	-0.000118613	0.000000000	0.000000000	
35	200.000000000	-0.000082254	-0.034269098	-0.000119209	0.000000000	0.000000000	
36	200.000000000	-0.000084043	-0.033978228	-0.000120997	0.000000000	0.000000000	
37	200.000000000	-0.000085235	-0.033754710	-0.000122190	0.000000000	0.000000000	
38	200.000000000	-0.000090599	-0.033953790	-0.000122786	0.000000000	0.000000000	
39	200.000000000	-0.000088215	-0.033763651	-0.000122190	0.000000000	0.000000000	
40	200.000000000	-0.000093579	-0.034029488	-0.000119805	0.000000000	0.000000000	
41	200.000000000	-0.000094771	-0.033828024	-0.000114441	0.000000000	0.000000000	
42	200.000000000	-0.000184178	-0.044520501	-0.000120997	0.000000000	0.000000000	
43	200.000000000	0.000017285	-0.033851270	-0.000113845	0.000000000	0.000000000	
44	200.000000000	-0.000295043	-0.052680377	-0.000110269	0.000000000	0.000000000	
45	200.000000000	-0.000010133	-0.033721928	-0.000112057	0.000000000	0.000000000	
46	200.000000000	-0.000060797	-0.034049157	-0.000106096	0.000000000	0.000000000	
47	200.000000000	-0.000073910	-0.033959154	-0.000102520	0.000000000	0.000000000	
48	200.000000000	-0.000013113	-0.054482821	-0.000100732	0.000000000	0.000000000	
49	200.000000000	-0.000017881	-0.032744411	-0.000100732	0.000000000	0.000000000	
50	200.000000000	-0.000075102	-0.034382943	-0.000102520	0.000000000	0.000000000	
51	200.000000000	-0.000088215	-0.033602718	-0.000101924	0.000000000	0.000000000	
52	200.000000000	-0.000095367	-0.033739213	-0.000106692	0.000000000	0.000000000	
53	200.000000000	-0.000097752	-0.034320954	-0.000109077	0.000000000	0.000000000	
54	200.000000000	-0.000174642	-0.036098961	-0.000114441	0.000000000	0.000000000	
55	200.000000000	-0.000090599	-0.033999685	-0.000112057	0.000000000	0.000000000	
56	200.000000000	-0.000115037	-0.038141016	-0.000118017	0.000000000	0.000000000	
57	200.000000000	-0.000132322	-0.037925247	-0.000124574	0.000000000	0.000000000	
58	200.000000000	-0.000073910	-0.034483675	-0.000120997	0.000000000	0.000000000	
59	200.000000000	-0.000079870	-0.037807230	-0.000122190	0.000000000	0.000000000	
60	200.000000000	-0.000106692	-0.034383539	-0.000118017	0.000000000	0.000000000	
61	200.000000000	-0.000118017	-0.041654710	-0.000125766	0.000000000	0.000000000	
62	200.000000000	-0.000165701	-0.043182377	-0.000130534	0.000000000	0.000000000	
63	200.000000000	-0.000123978	-0.043962006	-0.000127554	0.000000000	0.000000000	
64	200.000000000	-0.000162721	-0.046462420	-0.000128746	0.000000000	0.000000000	
65	200.000000000	0.000042319	-0.036612157	-0.000125170	0.000000000	0.000000000	
66	200.000000000	-0.000020266	-0.032987598	-0.000118613	0.000000000	0.000000000	
67	200.000000000	-0.000071526	-0.032224063	-0.000120997	0.000000000	0.000000000	
68	200.000000000	-0.000087023	-0.032451753	-0.000121593	0.000000000	0.000000000	
69	200.000000000	-0.000089407	-0.032132272	-0.000119805	0.000000000	0.000000000	
70	200.000000000	-0.000103712	-0.032273535	-0.000119805	0.000000000	0.000000000	
71	200.000000000	-0.000095963	-0.032916669	-0.000125170	0.000000000	0.000000000	
72	200.000000000	-0.000106692	-0.032511357	-0.000124574	0.000000000	0.000000000	
73	200.000000000	-0.000094175	-0.032312278	-0.000119805	0.000000000	0.000000000	
74	200.000000000	-0.000097156	-0.032669310	-0.000123978	0.000000000	0.000000000	
75	200.000000000	-0.000089407	-0.032362346	-0.000124574	0.000000000	0.000000000	
76	200.000000000	-0.000091195	-0.032622818	-0.000116825	0.000000000	0.000000000	
77	200.000000000	-0.000088811	-0.032700304	-0.000119805	0.000000000	0.000000000	
78	200.000000000	-0.000088215	-0.032176975	-0.000116825	0.000000000	0.000000000	
79	200.000000000	-0.000327230	-0.032120351	-0.000109077	0.000000000	0.000000000	
80	200.000000000	-0.000066757	-0.041291121	-0.000112653	0.000000000	0.000000000	
81	200.000000000	-0.000107884	-0.037617687	-0.000109673	0.000000000	0.000000000	
82	200.000000000	-0.000108480	-0.041386489	-0.000109673	0.000000000	0.000000000	
83	200.000000000	-0.000090599	-0.041086081	-0.000111461	0.000000000	0.000000000	
84	200.000000000	-0.000081062	-0.040305857	-0.000113249	0.000000000	0.000000000	
85	200.000000000	-0.000090003	-0.040150288	-0.000110865	0.000000000	0.000000000	
86	200.000000000	-0.000086427	-0.040386323	-0.000109077	0.000000000	0.000000000	
87	200.000000000	-0.000084043	-0.040050153	-0.000108480	0.000000000	0.000000000	
88	200.000000000	-0.000098944	-0.039911870	-0.000102520	0.000000000	0.000000000	
89	200.000000000	-0.000106096	-0.046488646	-0.000102520	0.000000000	0.000000000	
90	200.000000000	-0.000218749	-0.053273443	-0.000108480	0.000000000	0.000000000	
91	200.000000000	-0.000163913	-0.053230528	-0.000114441	0.000000000	0.000000000	
92	200.000000000	0.000017285	-0.038016442	-0.000113249	0.000000000	0.000000000	
93	200.000000000	-0.000039339	-0.048581365	-0.000126362	0.000000000	0.000000000	
94	200.000000000	-0.000059009	-0.057953004	-0.000123978	0.000000000	0.000000000	
95	200.000000000	0.000007153	-0.041170124	-0.000122786	0.000000000	0.000000000	
96	200.000000000	-0.000067353	-0.049549941	-0.000118017	0.000000000	0.000000000	
97	200.000000000	0.000017285	-0.034354929	-0.000116825	4860725927304355197140066107392.000000000	72230149014064087656755625984.000000000	
98	200.000000000	-0.000104904	-0.041316155	-0.000118017	0.000000000	2123632287002360947547489494368256.000000000	
99	200.000000000	-0.000128150	-0.035047535	-0.000109673	0.000000000	0.000000000	
100	200.000000000	-0.000054836	-0.040390495	-0.000107884	0.000000000	0.000000000	
101	200.000000000	-0.000118613	-0.041384701	-0.000109077	0.000000000	0.000000000	
102	200.000000000	-0.000054240	-0.037896637	-0.000102520	0.000000000	0.000000000	
103	200.000000000	-0.000066161	-0.038821105	-0.000104308	0.000000000	0.000000000	
104	200.000000000	-0.000109077	-0.042344932	-0.000104904	0.000000000	0.000000000	
105	200.000000000	-0.000096560	-0.040531162	-0.000106692	0.000000000	0.000000000	
106	200.000000000	-0.000021458	-0.032987002	-0.000103116	0.059422903	0.000000000	
107	200.000000000	-0.000138879	-0.040031079	-0.000106096	0.000000000	0.000000000	
108	200.000000000	-0.000117421	-0.045579080	-0.000106692	0.000000000	0.000000000	
109	200.000000000	-0.000002384	-0.033705834	-0.000110269	0.000000000	0.000000000	
110	200.000000000	-0.000019073	-0.040347580	-0.000104904	0.059422903	4416581919795373408256.000000000	
111	200.000000000	-0.000063777	-0.040656332	-0.000106692	0.000000000	0.000000000	
112	200.000000000	-0.000032783	-0.039533380	-0.000107288	0.000000000	0.000000000	
113	200.000000000	-0.000103116	-0.040432218	-0.000109673	0.000000000	0.000000000	
114	200.000000000	-0.000033379	-0.032613877	-0.000113845	0.000000000	0.000000000	
115	200.000000000	-0.000122786	-0.039448146	-0.000117421	0.000000000	0.000000000	
116	200.000000000	-0.000151396	-0.039133433	-0.000117421	0.000000000	0.000000000	
117	200.000000000	-0.000047684	-0.039799217	-0.000116825	0.000000000	0.000000000	
118	200.000000000	-0.000128150	-0.042411689	-0.000123382	0.000000000	0.000000000	
119	200.000000000	-0.000025034	-0.037873987	-0.000122190	0.059422903	17593420030713899515904.000000000	
120	200.000000000	-0.000100136	-0.040999059	-0.000123978	0.000000000	0.000000000	
121	200.000000000	-0.000105500	-0.034043793	-0.000122786	0.000000000	0.000000000	
122	200.000000000	-0.000070930	-0.034279827	-0.000119805	0.000000000	0.000000000	
123	200.000000000	-0.000153780	-0.042898659	-0.000123978	0.000000000	0.000000000	
124	200.000000000	-0.000039935	-0.034199361	-0.000122786	0.000000000	0.000000000	
125	200.000000000	-0.000337362	-0.040330891	-0.000124574	0.000000000	0.000000000	
126	200.000000000	-0.000134110	-0.043621663	-0.000126958	0.000000000	0.000000000	
127	200.000000000	0.000023246	-0.032444004	-0.000125170	0.000000000	0.000000000	
128	200.000000000	-0.000028014	-0.032629374	-0.000125766	0.000000000	0.000000000	
129	200.000000000	-0.000138283	-0.040732030	-0.000121593	0.000000000	0.000000000	
130	200.000000000	-0.000036359	-0.033122901	-0.000131130	0.000000000	0.000000000	
131	200.000000000	-0.000068545	-0.033684377	-0.000125170	0.000000000	0.000000000	
132	200.000000000	-0.000193119	-0.043043498	-0.000126362	0.000000000	0.000000000	
133	200.000000000	-0.000070333	-0.038412813	-0.000124574	0.000000000	0.000000000	
134	200.000000000	-0.000131130	-0.043926243	-0.000123382	0.000000000	0.000000000	
135	200.000000000	-0.000023246	-0.034179095	-0.000122786	0.000000000	0.000000000	
136	200.000000000	-0.000070930	-0.053365830	-0.000122190	0.000000000	0.000000000	
137	200.000000000	-0.000141263	-0.035609011	-0.000120997	0.000000000	0.000000000	
138	200.000000000	-0.000051260	-0.034570102	-0.000122190	0.000000000	0.000000000	
139	200.000000000	-0.000138283	-0.042110089	-0.000123382	0.000000000	0.000000000	
140	200.000000000	-0.000046492	-0.055227283	-0.000118017	0.000000000	0.000000000	
141	200.000000000	-0.000014305	-0.034211878	-0.000118017	0.000000000	0.000000000	
142	200.000000000	-0.000128746	-0.040780310	-0.000118017	0.000000000	0.000000000	
143	200.000000000	0.000020266	-0.047726039	-0.000126362	0.000000000	0.000000000	
144	200.000000000	-0.000036359	-0.042038564	-0.000123382	0.000000000	0.000000000	
145	200.000000000	0.000016093	-0.033143762	-0.000126958	0.000000000	0.000000000	
146	200.000000000	-0.000060201	-0.034490231	-0.000123382	0.000000000	0.000000000	
147	200.000000000	-0.000112057	-0.040500764	-0.000121593	0.000000000	0.000000000	
148	200.000000000	-0.000080466	-0.034026507	-0.000121593	0.000000000	0.000000000	
149	200.000000000	-0.000094771	-0.060775287	-0.000131726	0.000000000	0.000000000	
150	200.000000000	-0.000045896	-0.033692125	-0.000127554	0.000000000	0.000000000	
151	200.000000000	-0.000038743	-0.033993129	-0.000128746	0.000000000	0.000000000	
152	200.000000000	-0.000142455	-0.042391423	-0.000126362	0.000000000	0.000000000	
153	200.000000000	-0.000014901	-0.033269528	-0.000127554	0.000000000	0.000000000	
154	200.000000000	-0.000112653	-0.041871671	-0.000130534	0.000000000	0.000000000	
155	200.000000000	-0.000083447	-0.033648018	-0.000126362	0.000000000	0.000000000	
156	200.000000000	0.000006557	-0.033883456	-0.000121593	0.000000000	0.000000000	
157	200.000000000	-0.000149608	-0.039016012	-0.000121593	0.000000000	0.000000000	
158	200.000000000	-0.000060201	-0.035638217	-0.000119209	0.000000000	0.000000000	
159	200.000000000	-0.000115037	-0.041776303	-0.000115037	0.000000000	0.000000000	
160	200.000000000	-0.000032187	-0.034794811	-0.000111461	0.000000000	0.000000000	
161	200.000000000	-0.000066757	-0.035529736	-0.000103116	0.000000000	0.000000000	
162	200.000000000	-0.000174046	-0.039204959	-0.000101328	0.000000000	0.000000000	
163	200.000000000	-0.000056624	-0.034273867	-0.000098944	0.000000000	0.000000000	
164	200.000000000	-0.000123382	-0.042095784	-0.000102520	0.000000000	0.000000000	
165	200.000000000	-0.000026822	-0.032745007	-0.000098944	0.000000000	0.000000000	
166	200.000000000	-0.000088215	-0.040744547	-0.000096560	0.000000000	0.000000000	
167	200.000000000	-0.000144243	-0.042877201	-0.000098348	0.000000000	0.000000000	
168	200.000000000	-0.000118017	-0.054079894	-0.000101924	0.000000000	0.000000000	
169	200.000000000	0.000067353	-0.039842729	-0.000099540	0.000000000	0.000000000	
170	200.000000000	-0.000037551	-0.033947233	-0.000099540	0.000000000	0.000000000	
171	200.000000000	-0.000368357	-0.033447746	-0.000097752	0.000000000	0.000000000	
172	200.000000000	-0.000124574	-0.037063960	-0.000095367	0.000000000	0.000000000	
173	200.000000000	-0.000033379	-0.034179095	-0.000094771	0.000000000	0.000000000	
174	200.000000000	-0.000008941	-0.061640151	-0.000094771	0.000000000	0.000000000	
175	200.000000000	0.000053048	-0.033761863	-0.000097752	0.000000000	0.000000000	
176	200.000000000	-0.000047684	-0.036748055	-0.000095963	0.000000000	0.000000000	
177	200.000000000	-0.000154376	-0.043639544	-0.000098348	0.000000000	0.000000000	
178	200.000000000	-0.000053644	-0.034162406	-0.000093579	0.000000000	0.000000000	
179	200.000000000	-0.000079870	-0.042052869	-0.000098348	0.000000000	0.000000000	
180	200.000000000	-0.000102520	-0.035424236	-0.000097156	0.000000000	0.000000000	
181	200.000000000	-0.000060201	-0.033974651	-0.000094175	0.000000000	0.000000000	
182	200.000000000	-0.000169873	-0.044689778	-0.000092983	0.000000000	0.000000000	
183	200.000000000	-0.000076294	-0.039038662	-0.000093579	0.000000000	0.000000000	
184	200.000000000	-0.000123382	-0.040915016	-0.000097752	0.000000000	0.000000000	
185	200.000000000	-0.000061989	-0.033041243	-0.000097156	0.000000000	0.000000000	
186	200.000000000	-0.000059605	-0.055348877	-0.000097752	0.000000000	0.000000000	
187	200.000000000	-0.000308156	-0.040647391	-0.000100732	0.000000000	0.000000000	
188	200.000000000	0.000007153	-0.033070449	-0.000098348	0.000000000	0.000000000	
189	200.000000000	-0.000106096	-0.036380295	-0.000101328	0.000000000	0.000000000	
190	200.000000000	-0.000181198	-0.046796802	-0.000100136	0.000000000	0.000000000	
191	200.000000000	-0.000033975	-0.037714843	-0.000101924	0.000000000	0.000000000	
192	200.000000000	-0.000068545	-0.042306188	-0.000105500	0.000000000	0.000000000	
193	200.000000000	-0.000121593	-0.044635538	-0.000104904	0.000000000	0.000000000	
194	200.000000000	-0.000032783	-0.034411553	-0.000104904	0.000000000	0.000000000	
195	200.000000000	-0.000079870	-0.037614111	-0.000106692	0.000000000	0.000000000	
196	200.000000000	-0.000198483	-0.047103766	-0.000103116	0.000000000	0.000000000	
197	200.000000000	-0.000033379	-0.037289862	-0.000105500	0.000000000	0.000000000	
198	200.000000000	-0.000062585	-0.040893558	-0.000108480	0.000000000	0.000000000	
199	200.000000000	-0.000208020	-0.036407117	-0.000107884	0.000000000	0.000000000	
200	200.000000000	-0.000091791	-0.039060716	-0.000112057	0.000000000	0.000000000	
201	200.000000000	-0.000092983	-0.042985085	-0.000106692	0.000000000	0.000000000	
202	200.000000000	-0.000059605	-0.033438805	-0.000112057	0.000000000	0.000000000	
203	200.000000000	-0.000020266	-0.039203767	-0.000113249	0.000000000	0.000000000	
204	200.000000000	-0.000118017	-0.048670176	-0.000116825	0.000000000	0.000000000	
205	200.000000000	-0.000010133	-0.033781532	-0.000118613	0.000000000	0.000000000	
206	200.000000000	-0.000059605	-0.039402250	-0.000119805	0.000000000	0.000000000	
207	200.000000000	-0.000065565	-0.039420728	-0.000123382	0.000000000	0.000000000	
208	200.000000000	-0.000105500	-0.040329698	-0.000122786	0.000000000	0.000000000	
209	200.000000000	-0.000120401	-0.048896078	-0.000126958	0.000000000	0.000000000	
210	200.000000000	-0.000023842	-0.037301783	-0.000125766	0.000000000	0.000000000	
211	200.000000000	-0.000060201	-0.038385395	-0.000124574	0.000000000	0.000000000	
212	200.000000000	-0.000134707	-0.044009093	-0.000122786	0.000000000	0.000000000	
213	200.000000000	-0.000044107	-0.033907298	-0.000123978	0.000000000	0.000000000	
214	200.000000000	-0.000088811	-0.041920546	-0.000125170	0.000000000	0.000000000	
215	200.000000000	-0.000044703	-0.034878854	-0.000120997	0.000000000	0.000000000	
216	200.000000000	-0.000076890	-0.034373406	-0.000119805	0.000000000	0.000000000	
217	200.000000000	-0.000426769	-0.041756038	-0.000115633	0.000000000	0.000000000	
218	200.000000000	-0.000017285	-0.033295158	-0.000109673	0.000000000	0.000000000	
219	200.000000000	-0.000062585	-0.039991144	-0.000109077	0.000000000	0.000000000	
220	200.000000000	-0.000039339	-0.032919053	-0.000107884	0.000000000	0.000000000	
221	200.000000000	-0.000057220	-0.032653812	-0.000104308	0.000000000	0.000000000	
222	200.000000000	-0.000155568	-0.041428808	-0.000103116	0.000000000	0.000000000	
223	200.000000000	-0.000060797	-0.034241680	-0.000099540	0.000000000	0.000000000	
224	200.000000000	-0.000104904	-0.042715076	-0.000101328	0.000000000	0.000000000	
225	200.000000000	-0.000026822	-0.033279065	-0.000100732	0.000000000	0.000000000	
226	200.000000000	-0.000078678	-0.034853224	-0.000097752	0.000000000	0.000000000	
227	200.000000000	-0.000202060	-0.038537387	-0.000103712	0.000000000	0.000000000	
228	200.000000000	-0.000034571	-0.034253601	-0.000100732	0.000000000	0.000000000	
229	200.000000000	-0.000090599	-0.041869286	-0.000105500	0.000000000	0.000000000	
230	200.000000000	-0.000060201	-0.038067702	-0.000107884	0.000000000	0.000000000	
231	200.000000000	-0.000065565	-0.034048561	-0.000105500	0.000000000	0.000000000	
232	200.000000000	-0.000287294	-0.053422455	-0.000112057	0.000000000	0.000000000	
233	200.000000000	-0.000105500	-0.035747889	-0.000110269	0.000000000	0.000000000	
234	200.000000000	-0.000057817	-0.050331954	-0.000115633	0.000000000	0.000000000	
235	200.000000000	-0.000054836	-0.040886406	-0.000109077	0.000000000	0.000000000	
236	200.000000000	-0.000040531	-0.033964518	-0.000112057	0.000000000	0.000000000	
237	200.000000000	-0.000219941	-0.036858324	-0.000109077	0.000000000	0.000000000	
238	200.000000000	-0.000053048	-0.034201149	-0.000112057	0.000000000	0.000000000	
239	200.000000000	-0.000115037	-0.041550402	-0.000115037	0.000000000	0.000000000	
240	200.000000000	-0.000027418	-0.040043596	-0.000108480	0.000000000	0.000000000	
241	200.000000000	-0.000048876	-0.032315258	-0.000106692	0.000000000	0.000000000	
242	200.000000000	-0.000220537	-0.037271384	-0.000107288	0.000000000	0.000000000	
243	200.000000000	-0.000055432	-0.033116940	-0.000105500	0.000000000	0.000000000	
244	200.000000000	-0.000128150	-0.041413907	-0.000106096	0.000000000	0.000000000	
245	200.000000000	-0.000129938	-0.033026937	-0.000107884	0.000000000	0.000000000	
246	200.000000000	-0.000063777	-0.033777360	-0.000107884	0.000000000	0.000000000	
247	200.000000000	-0.000132918	-0.041770343	-0.000109077	0.000000000	0.000000000	
248	200.000000000	-0.000072718	-0.036627058	-0.000111461	0.000000000	0.000000000	
249	200.000000000	-0.000029802	-0.039655570	-0.000113249	0.000000000	0.000000000	
250	200.000000000	-0.000081062	-0.033789877	-0.000115037	0.000000000	0.000000000	
251	200.000000000	-0.000056624	-0.034327511	-0.000112653	0.000000000	0.000000000	
252	200.000000000	-0.000160933	-0.048789982	-0.000115633	0.000000000	0.000000000	
253	200.000000000	-0.000038743	-0.033971075	-0.000119805	0.000000000	0.000000000	
254	200.000000000	-0.000073314	-0.040820841	-0.000122190	0.000000000	0.000000000	
255	200.000000000	-0.000072718	-0.033314828	-0.000122190	0.000000000	0.000000000	
256	200.000000000	-0.000067353	-0.034210686	-0.000120997	0.000000000	0.000000000	
257	200.000000000	-0.000151396	-0.048263673	-0.000122786	0.000000000	0.000000000	
258	200.000000000	-0.000044107	-0.033504371	-0.000125766	0.000000000	0.000000000	
259	200.000000000	-0.000067353	-0.040342215	-0.000122190	0.000000000	0.000000000	
260	200.000000000	-0.000083447	-0.033614639	-0.000122786	0.000000000	0.000000000	
261	200.000000000	-0.000059009	-0.033227805	-0.000122786	0.000000000	0.000000000	
262	200.000000000	-0.000165701	-0.048689846	-0.000125170	0.000000000	0.000000000	
263	200.000000000	-0.000264645	-0.033945445	-0.000122786	0.000000000	0.000000000	
264	200.000000000	-0.000039339	-0.040150288	-0.000124574	0.000000000	0.000000000	
265	200.000000000	-0.000021458	-0.032795075	-0.000126958	0.000000000	0.000000000	
266	200.000000000	-0.000056028	-0.033226613	-0.000129342	0.000000000	0.000000000	
267	200.000000000	-0.000159144	-0.045670871	-0.000128746	0.000000000	0.000000000	
268	200.000000000	-0.000044107	-0.033413772	-0.000126362	0.000000000	0.000000000	
269	200.000000000	-0.000075102	-0.040949587	-0.000125766	0.000000000	0.000000000	
270	200.000000000	-0.000103116	-0.034506325	-0.000125170	0.000000000	0.000000000	
271	200.000000000	-0.000055432	-0.033880476	-0.000121593	0.000000000	0.000000000	
272	200.000000000	-0.000170469	-0.044800643	-0.000123382	0.000000000	0.000000000	
273	200.000000000	-0.000043511	-0.033906106	-0.000118613	0.000000000	0.000000000	
274	200.000000000	-0.000079274	-0.034134392	-0.000114441	0.000000000	0.000000000	
275	200.000000000	-0.000088811	-0.033992533	-0.000113249	0.000000000	0.000000000	
276	200.000000000	-0.000089407	-0.034304861	-0.000109673	0.000000000	0.000000000	
277	200.000000000	-0.000096560	-0.034089092	-0.000106692	0.000000000	0.000000000	
278	200.000000000	-0.000092387	-0.056192879	-0.000106096	0.000000000	0.000000000	
279	200.000000000	-0.000011921	-0.032074455	-0.000100732	0.000000000	0.000000000	
280	200.000000000	-0.000063777	-0.032264594	-0.000102520	0.000000000	0.000000000	
281	200.000000000	-0.000079870	-0.032134656	-0.000100732	0.000000000	0.000000000	
282	200.000000000	-0.000091791	-0.032240156	-0.000103116	0.000000000	0.000000000	
283	200.000000000	-0.000090599	-0.032112006	-0.000100732	0.000000000	0.000000000	
284	200.000000000	-0.000094175	-0.032400493	-0.000104904	0.000000000	0.000000000	
285	200.000000000	-0.000091195	-0.032097105	-0.000109077	0.000000000	0.000000000	
286	200.000000000	-0.000096560	-0.032375459	-0.000107884	0.000000000	0.000000000	
287	200.000000000	-0.000087619	-0.032957200	-0.000112653	0.000000000	0.000000000	
288	200.000000000	-0.000125766	-0.035743121	-0.000115633	0.000000000	0.000000000	
289	200.000000000	-0.000076294	-0.032503609	-0.000115037	0.000000000	0.000000000	
290	200.000000000	-0.000088215	-0.033181313	-0.000118017	0.000000000	0.000000000	
291	200.000000000	-0.000088811	-0.032514933	-0.000118017	0.000000000	0.000000000	
292	200.000000000	-0.000095963	-0.033414964	-0.000116229	0.000000000	0.000000000	
293	200.000000000	-0.000090003	-0.032345060	-0.000113845	0.000000000	0.000000000	
294	200.000000000	-0.000091791	-0.033103231	-0.000112653	0.000000000	0.000000000	
295	200.000000000	-0.000074506	-0.034055714	-0.000112057	0.000000000	0.000000000	
296	200.000000000	-0.000078082	-0.033484701	-0.000105500	0.000000000	0.000000000	
297	200.000000000	-0.000084043	-0.033590201	-0.000097752	0.000000000	0.000000000	
298	200.000000000	-0.000089407	-0.033496026	-0.000099540	0.000000000	0.000000000	
299	200.000000000	-0.000088215	-0.033178333	-0.000103116	0.000000000	0.000000000	
 0	300.000000000	-0.000088215	-0.030335192	0.000276566	0.000000000	0.000000000	
 1	300.000000000	-0.000005960	-0.030403141	0.000212193	0.000000000	0.000000000	
 2	300.000000000	0.000005960	-0.030488376	0.000156760	0.000000000	0.000000000	
 3	300.000000000	-0.000010729	-0.031474236	0.000107288	0.000000000	0.000000000	
 4	300.000000000	-0.000022054	-0.031036738	0.000066161	0.000000000	0.000000000	
 5	300.000000000	-0.000033379	-0.031257275	0.000032187	0.000000000	0.000000000	
 6	300.000000000	-0.000051856	-0.031077269	-0.000009537	0.000000000	0.000000000	
 7	300.000000000	-0.000064373	-0.031545166	-0.000035763	0.000000000	0.000000000	
 8	300.000000000	-0.000075698	-0.031521324	-0.000059009	0.000000000	0.000000000	
 9	300.000000000	-0.000084043	-0.053928498	-0.000082254	0.000000000	0.000000000	
10	300.000000000	-0.000036359	-0.031608943	-0.000098944	0.000000000	0.000000000	
11	300.000000000	-0.000064969	-0.031905774	-0.000107288	0.000000000	0.000000000	
12	300.000000000	-0.000079274	-0.031792525	-0.000118613	0.000000000	0.000000000	
13	300.000000000	-0.000091791	-0.031983260	-0.000124574	0.000000000	0.000000000	
14	300.000000000	-0.000095367	-0.031895641	-0.000129342	0.000000000	0.000000000	
15	300.000000000	-0.000096560	-0.032140616	-0.000125766	0.000000000	0.000000000	
16	300.000000000	-0.000088811	-0.031957630	-0.000123978	0.000000000	0.000000000	
17	300.000000000	-0.000103712	-0.032657389	-0.000122786	0.000000000	0.000000000	
18	300.000000000	-0.000085235	-0.032747392	-0.000116825	0.000000000	0.000000000	
19	300.000000000	-0.000094175	-0.032259826	-0.000114441	0.000000000	0.000000000	
20	300.000000000	-0.000089407	-0.032050613	-0.000108480	0.000000000	0.000000000	
21	300.000000000	-0.000092983	-0.032294992	-0.000107884	0.000000000	0.000000000	
22	300.000000000	-0.000084639	-0.032172803	-0.000107884	0.000000000	0.000000000	
23	300.000000000	-0.000095367	-0.032457117	-0.000104308	0.000000000	0.000000000	
24	300.000000000	-0.000093579	-0.032220487	-0.000102520	0.000000000	0.000000000	
25	300.000000000	-0.000028610	-0.032542948	-0.000105500	0.000000000	0.000000000	
26	300.000000000	-0.000065565	-0.032265786	-0.000101924	0.000000000	0.000000000	
27	300.000000000	-0.000085831	-0.032483343	-0.000103116	0.000000000	0.000000000	
28	300.000000000	-0.000092387	-0.032172207	-0.000102520	0.000000000	0.000000000	
29	300.000000000	-0.000093579	-0.032364134	-0.000106096	0.000000000	0.000000000	
30	300.000000000	-0.000097156	-0.032093529	-0.000110269	0.000000000	0.000000000	
31	300.000000000	-0.000092387	-0.032348040	-0.000113845	0.000000000	0.000000000	
32	300.000000000	-0.000091195	-0.032207970	-0.000113845	0.000000000	0.000000000	
33	300.000000000	-0.000094175	-0.032331947	-0.000119805	0.000000000	0.000000000	
34	300.000000000	-0.000091791	-0.032119755	-0.000118613	0.000000000	0.000000000	
35	300.000000000	-0.000094175	-0.032342676	-0.000119805	0.000000000	0.000000000	
36	300.000000000	-0.000087023	-0.032244924	-0.000120401	0.000000000	0.000000000	
37	300.000000000	-0.000093579	-0.032371286	-0.000115633	0.000000000	0.000000000	
38	300.000000000	-0.000089407	-0.032243732	-0.000120401	0.000000000	0.000000000	
39	300.000000000	-0.000090599	-0.032389764	-0.000118017	0.000000000	0.000000000	
40	300.000000000	-0.000314117	-0.033845309	-0.000119805	0.000000000	0.000000000	
41	300.000000000	-0.000057817	-0.032386187	-0.000116825	0.000000000	0.000000000	
42	300.000000000	-0.000072718	-0.031949881	-0.000116825	0.000000000	0.000000000	
43	300.000000000	-0.000082254	-0.032204989	-0.000112653	0.000000000	0.000000000	
44	300.000000000	-0.000080466	-0.031833652	-0.000111461	0.000000000	0.000000000	
45	300.000000000	-0.000092387	-0.039231185	-0.000111461	0.000000000	0.000000000	
46	300.000000000	-0.000126362	-0.042741302	-0.000114441	0.000000000	0.000000000	
47	300.000000000	-0.000066161	-0.033143762	-0.000106692	0.000000000	0.000000000	
48	300.000000000	-0.000061989	-0.032464270	-0.000104308	0.000000000	0.000000000	
49	300.000000000	-0.000082850	-0.032423142	-0.000101924	0.000000000	0.000000000	
50	300.000000000	-0.000088215	-0.032216314	-0.000106692	0.000000000	0.000000000	
51	300.000000000	-0.000098348	-0.032407645	-0.000106096	0.000000000	0.000000000	
52	300.000000000	-0.000090599	-0.032308701	-0.000108480	0.000000000	0.000000000	
53	300.000000000	-0.000094771	-0.033290986	-0.000115633	0.000000000	0.000000000	
54	300.000000000	-0.000094771	-0.032524470	-0.000119805	0.000000000	0.000000000	
55	300.000000000	-0.000092983	-0.050585274	-0.000127554	0.000000000	0.000000000	
56	300.000000000	-0.000202656	-0.047453646	-0.000133514	0.000000000	0.000000000	
57	300.000000000	-0.000158548	-0.043507818	-0.000135899	0.000000000	0.000000000	
58	300.000000000	-0.000091195	-0.038276915	-0.000139475	0.000000000	0.000000000	
59	300.000000000	-0.000019073	-0.032776002	-0.000140667	0.000000000	0.000000000	
60	300.000000000	-0.000053048	-0.032465462	-0.000134110	0.000000000	0.000000000	
61	300.000000000	-0.000085235	-0.032947067	-0.000135303	0.000000000	0.000000000	
62	300.000000000	-0.000085235	-0.032556061	-0.000133514	0.000000000	0.000000000	
63	300.000000000	-0.000098348	-0.032559041	-0.000123978	0.000000000	0.000000000	
64	300.000000000	-0.000101924	-0.032225851	-0.000124574	0.000000000	0.000000000	
65	300.000000000	-0.000088215	-0.032535795	-0.000114441	0.000000000	0.000000000	
66	300.000000000	-0.000089407	-0.032249097	-0.000109077	0.000000000	0.000000000	
67	300.000000000	-0.000096560	-0.032490496	-0.000112057	0.000000000	0.000000000	
68	300.000000000	-0.000091791	-0.032319430	-0.000109673	0.000000000	0.000000000	
69	300.000000000	-0.000094771	-0.032538775	-0.000106096	0.000000000	0.000000000	
70	300.000000000	-0.000091195	-0.032758716	-0.000105500	0.000000000	0.000000000	
71	300.000000000	-0.000082254	-0.032892827	-0.000108480	0.000000000	0.000000000	
72	300.000000000	-0.000065565	-0.032565597	-0.000105500	0.000000000	0.000000000	
73	300.000000000	-0.000084043	-0.032724742	-0.000107884	0.000000000	0.000000000	
74	300.000000000	-0.000085235	-0.032405857	-0.000109673	0.000000000	0.000000000	
75	300.000000000	-0.000099540	-0.032824878	-0.000112653	0.000000000	0.000000000	
76	300.000000000	-0.000090003	-0.032516126	-0.000106692	0.000000000	0.000000000	
77	300.000000000	-0.000091791	-0.032805208	-0.000111461	0.000000000	0.000000000	
78	300.000000000	-0.000087023	-0.032436255	-0.000110865	0.000000000	0.000000000	
79	300.000000000	-0.000095367	-0.032767657	-0.000113249	0.000000000	0.000000000	
80	300.000000000	-0.000089407	-0.032404665	-0.000112653	0.000000000	0.000000000	
81	300.000000000	-0.000092983	-0.032731894	-0.000114441	0.000000000	0.000000000	
82	300.000000000	-0.000090003	-0.032554869	-0.000107288	0.000000000	0.000000000	
83	300.000000000	-0.000094771	-0.032684807	-0.000112057	0.000000000	0.000000000	
84	300.000000000	-0.000091791	-0.032591227	-0.000112057	0.000000000	0.000000000	
85	300.000000000	-0.000217557	-0.033007268	-0.000111461	0.000000000	0.000000000	
86	300.000000000	-0.000212193	-0.039896373	-0.000109673	0.000000000	0.000000000	
87	300.000000000	-0.000043511	-0.032787327	-0.000108480	0.000000000	0.000000000	
88	300.000000000	-0.000064969	-0.032418374	-0.000111461	0.000000000	0.000000000	
89	300.000000000	-0.000080466	-0.032649640	-0.000106692	0.000000000	0.000000000	
90	300.000000000	-0.000085235	-0.032446984	-0.000107884	0.000000000	0.000000000	
91	300.000000000	-0.000025034	-0.032585267	-0.000106692	0.000000000	0.000000000	
92	300.000000000	-0.000070930	-0.032296780	-0.000112057	0.000000000	0.000000000	
93	300.000000000	-0.000081658	-0.032645468	-0.000112653	0.000000000	0.000000000	
94	300.000000000	-0.000090599	-0.032156114	-0.000116825	0.000000000	0.000000000	
95	300.000000000	-0.000095367	-0.032405261	-0.000122786	0.000000000	0.000000000	
96	300.000000000	-0.000090599	-0.032182936	-0.000129342	0.000000000	0.000000000	
97	300.000000000	-0.000095367	-0.043922666	-0.000140071	4860725927304355197140066107392.000000000	72230149014064087656755625984.000000000	
98	300.000000000	-0.000006557	-0.032373670	-0.000146627	0.000000000	2123632287002360947547489494368256.000000000	
99	300.000000000	-0.000048280	-0.032652024	-0.000146031	0.000000000	0.000000000	
100	300.000000000	-0.000075102	-0.032051805	-0.000150800	0.000000000	0.000000000	
101	300.000000000	-0.000090003	-0.041713718	-0.000156760	0.000000000	0.000000000	
102	300.000000000	-0.000035167	-0.032187704	-0.000150204	0.000000000	0.000000000	
103	300.000000000	-0.000073910	-0.032212738	-0.000152588	0.000000000	0.000000000	
104	300.000000000	-0.000084639	-0.039679412	-0.000148416	0.000000000	0.000000000	
105	300.000000000	-0.000041127	-0.032263998	-0.000144243	0.000000000	0.000000000	
106	300.000000000	-0.000067949	-0.031989221	-0.000140071	0.059422903	0.000000000	
107	300.000000000	-0.000090003	-0.032435063	-0.000137091	0.000000000	0.000000000	
108	300.000000000	-0.000093579	-0.032054190	-0.000131726	0.000000000	0.000000000	
109	300.000000000	-0.000092983	-0.032311682	-0.000132322	0.000000000	0.000000000	
110	300.000000000	-0.000336766	-0.032615069	-0.000131130	0.059422903	4416581919795373408256.000000000	
111	300.000000000	-0.000070333	-0.032390360	-0.000128746	0.000000000	0.000000000	
112	300.000000000	-0.000075698	-0.032109622	-0.000128746	0.000000000	0.000000000	
113	300.000000000	-0.000084043	-0.032351021	-0.000124574	0.000000000	0.000000000	
114	300.000000000	-0.000084043	-0.032013658	-0.000118613	0.000000000	0.000000000	
115	300.000000000	-0.000090599	-0.032348040	-0.000116825	0.000000000	0.000000000	
116	300.000000000	-0.000253916	-0.038369898	-0.000110269	0.000000000	0.000000000	
117	300.000000000	-0.000148416	-0.032744411	-0.000105500	0.000000000	0.000000000	
118	300.000000000	-0.000044703	-0.032455925	-0.000100732	0.000000000	0.000000000	
119	300.000000000	-0.000067353	-0.032601956	-0.000099540	0.059422903	17593420030713899515904.000000000	
120	300.000000000	-0.000079274	-0.032267574	-0.000098944	0.000000000	0.000000000	
121	300.000000000	-0.000087023	-0.032535795	-0.000098348	0.000000000	0.000000000	
122	300.000000000	-0.000085831	-0.032373074	-0.000094771	0.000000000	0.000000000	
123	300.000000000	-0.000157952	-0.055359010	-0.000094771	0.000000000	0.000000000	
124	300.000000000	0.000002384	-0.032160286	-0.000084043	0.000000000	0.000000000	
125	300.000000000	-0.000053644	-0.032331351	-0.000080466	0.000000000	0.000000000	
126	300.000000000	-0.000077486	-0.032091741	-0.000084043	0.000000000	0.000000000	
127	300.000000000	-0.000091791	-0.032342676	-0.000073910	0.000000000	0.000000000	
128	300.000000000	-0.000084639	-0.032452349	-0.000068545	0.000000000	0.000000000	
129	300.000000000	-0.000230670	-0.032660965	-0.000069141	0.000000000	0.000000000	
130	300.000000000	-0.000069141	-0.032172803	-0.000066757	0.000000000	0.000000000	
131	300.000000000	-0.000083447	-0.032413010	-0.000066161	0.000000000	0.000000000	
132	300.000000000	-0.000147820	-0.047070388	-0.000067949	0.000000000	0.000000000	
133	300.000000000	-0.000054836	-0.032407645	-0.000067949	0.000000000	0.000000000	
134	300.000000000	-0.000072122	-0.032052997	-0.000071526	0.000000000	0.000000000	
135	300.000000000	-0.000086427	-0.032193664	-0.000082850	0.000000000	0.000000000	
136	300.000000000	-0.000090003	-0.032235984	-0.000078678	0.000000000	0.000000000	
137	300.000000000	-0.000027418	-0.032575730	-0.000087619	0.000000000	0.000000000	
138	300.000000000	-0.000064373	-0.032771830	-0.000087023	0.000000000	0.000000000	
139	300.000000000	-0.000084639	-0.032511953	-0.000091791	0.000000000	0.000000000	
140	300.000000000	-0.000090599	-0.032075051	-0.000088215	0.000000000	0.000000000	
141	300.000000000	-0.000091791	-0.035920743	-0.000087023	0.000000000	0.000000000	
142	300.000000000	-0.000035167	-0.032224659	-0.000084043	0.000000000	0.000000000	
143	300.000000000	-0.000072718	-0.032472614	-0.000083447	0.000000000	0.000000000	
144	300.000000000	-0.000084639	-0.032061342	-0.000081062	0.000000000	0.000000000	
145	300.000000000	-0.000094771	-0.032456521	-0.000079870	0.000000000	0.000000000	
146	300.000000000	-0.000094771	-0.032181744	-0.000073314	0.000000000	0.000000000	
147	300.000000000	-0.000094175	-0.034563545	-0.000074506	0.000000000	0.000000000	
148	300.000000000	-0.000030398	-0.032309894	-0.000076294	0.000000000	0.000000000	
149	300.000000000	-0.000073910	-0.032483343	-0.000075102	0.000000000	0.000000000	
150	300.000000000	-0.000080466	-0.032117371	-0.000079274	0.000000000	0.000000000	
151	300.000000000	-0.000092983	-0.032331947	-0.000081062	0.000000000	0.000000000	
152	300.000000000	-0.000087023	-0.032100681	-0.000087023	0.000000000	0.000000000	
153	300.000000000	-0.000099540	-0.032496456	-0.000081658	0.000000000	0.000000000	
154	300.000000000	-0.000093579	-0.032051805	-0.000092387	0.000000000	0.000000000	
155	300.000000000	-0.000095963	-0.032442216	-0.000093579	0.000000000	0.000000000	
156	300.000000000	-0.000092983	-0.032225255	-0.000100136	0.000000000	0.000000000	
157	300.000000000	-0.000094771	-0.032434467	-0.000102520	0.000000000	0.000000000	
158	300.000000000	-0.000090003	-0.032204989	-0.000105500	0.000000000	0.000000000	
159	300.000000000	-0.000100136	-0.032463674	-0.000109077	0.000000000	0.000000000	
160	300.000000000	-0.000090599	-0.032300953	-0.000107288	0.000000000	0.000000000	
161	300.000000000	-0.000100732	-0.032578114	-0.000102520	0.000000000	0.000000000	
162	300.000000000	-0.000087619	-0.032274727	-0.000107288	0.000000000	0.000000000	
163	300.000000000	-0.000306368	-0.032664541	-0.000104308	0.000000000	0.000000000	
164	300.000000000	-0.000066161	-0.032480959	-0.000099540	0.000000000	0.000000000	
165	300.000000000	-0.000093579	-0.035522584	-0.000100732	0.000000000	0.000000000	
166	300.000000000	-0.000072122	-0.032736067	-0.000097752	0.000000000	0.000000000	
167	300.000000000	-0.000092387	-0.033094887	-0.000095963	0.000000000	0.000000000	
168	300.000000000	-0.000088215	-0.032718185	-0.000094175	0.000000000	0.000000000	
169	300.000000000	-0.000094175	-0.032926206	-0.000091791	0.000000000	0.000000000	
170	300.000000000	-0.000090599	-0.032627586	-0.000095963	0.000000000	0.000000000	
171	300.000000000	-0.000100136	-0.032719973	-0.000099540	0.000000000	0.000000000	
172	300.000000000	-0.000085831	-0.032302145	-0.000102520	0.000000000	0.000000000	
173	300.000000000	-0.000094175	-0.032607321	-0.000104308	0.000000000	0.000000000	
174	300.000000000	-0.000091791	-0.032368902	-0.000108480	0.000000000	0.000000000	
175	300.000000000	-0.000094175	-0.032637123	-0.000110269	0.000000000	0.000000000	
176	300.000000000	-0.000088215	-0.032787923	-0.000110865	0.000000000	0.000000000	
177	300.000000000	-0.000094771	-0.032609705	-0.000113249	0.000000000	0.000000000	
178	300.000000000	-0.000089407	-0.054244999	-0.000115633	0.000000000	0.000000000	
179	300.000000000	-0.000095367	-0.040237311	-0.000116825	0.000000000	0.000000000	
180	300.000000000	-0.000044107	-0.032247309	-0.000116229	0.000000000	0.000000000	
181	300.000000000	-0.000075698	-0.032396320	-0.000118017	0.000000000	0.000000000	
182	300.000000000	-0.000081658	-0.032145981	-0.000117421	0.000000000	0.000000000	
183	300.000000000	-0.000093579	-0.032429103	-0.000115037	0.000000000	0.000000000	
184	300.000000000	-0.000092983	-0.032196049	-0.000110865	0.000000000	0.000000000	
185	300.000000000	-0.000096560	-0.032438044	-0.000109673	0.000000000	0.000000000	
186	300.000000000	-0.000095963	-0.032240752	-0.000104308	0.000000000	0.000000000	
187	300.000000000	-0.000094771	-0.032448772	-0.000104308	0.000000000	0.000000000	
188	300.000000000	-0.000095963	-0.038655404	-0.000098944	0.000000000	0.000000000	
189	300.000000000	-0.000074506	-0.032745603	-0.000100136	0.000000000	0.000000000	
190	300.000000000	-0.000084639	-0.032678846	-0.000100732	0.000000000	0.000000000	
191	300.000000000	-0.000090599	-0.033345822	-0.000098348	0.000000000	0.000000000	
192	300.000000000	-0.000092387	-0.032746796	-0.000100136	0.000000000	0.000000000	
193	300.000000000	-0.000095963	-0.032770041	-0.000101924	0.000000000	0.000000000	
194	300.000000000	-0.000019670	-0.032373074	-0.000106692	0.000000000	0.000000000	
195	300.000000000	-0.000067949	-0.033628944	-0.000112057	0.000000000	0.000000000	
196	300.000000000	-0.000081062	-0.032705072	-0.000109673	0.000000000	0.000000000	
197	300.000000000	-0.000092387	-0.032844547	-0.000116229	0.000000000	0.000000000	
198	300.000000000	-0.000093579	-0.032551292	-0.000116229	0.000000000	0.000000000	
199	300.000000000	-0.000098348	-0.032843951	-0.000120401	0.000000000	0.000000000	
200	300.000000000	-0.000091195	-0.032544140	-0.000121593	0.000000000	0.000000000	
201	300.000000000	-0.000097752	-0.032654408	-0.000115633	0.000000000	0.000000000	
202	300.000000000	-0.000091195	-0.032380227	-0.000115037	0.000000000	0.000000000	
203	300.000000000	-0.000091791	-0.033070449	-0.000116825	0.000000000	0.000000000	
204	300.000000000	-0.000089407	-0.032167438	-0.000113249	0.000000000	0.000000000	
205	300.000000000	-0.000092983	-0.032570962	-0.000108480	0.000000000	0.000000000	
206	300.000000000	-0.000090599	-0.032775406	-0.000103712	0.000000000	0.000000000	
207	300.000000000	-0.000089407	-0.032660965	-0.000101328	0.000000000	0.000000000	
208	300.000000000	-0.000088215	-0.031932596	-0.000104308	0.000000000	0.000000000	
209	300.000000000	-0.000351667	-0.032637719	-0.000100732	0.000000000	0.000000000	
210	300.000000000	-0.000063181	-0.032172803	-0.000106096	0.000000000	0.000000000	
211	300.000000000	-0.000075698	-0.032562617	-0.000103116	0.000000000	0.000000000	
212	300.000000000	-0.000078082	-0.032145385	-0.000107288	0.000000000	0.000000000	
213	300.000000000	-0.000090003	-0.032269362	-0.000107884	0.000000000	0.000000000	
214	300.000000000	-0.000098944	-0.031964783	-0.000110865	0.000000000	0.000000000	
215	300.000000000	-0.000087023	-0.032257441	-0.000113249	0.000000000	0.000000000	
216	300.000000000	-0.000088811	-0.031933192	-0.000115633	0.000000000	0.000000000	
217	300.000000000	-0.000092983	-0.032187704	-0.000119209	0.000000000	0.000000000	
218	300.000000000	-0.000088215	-0.031897429	-0.000120401	0.000000000	0.000000000	
219	300.000000000	-0.000092983	-0.032256249	-0.000119805	0.000000000	0.000000000	
220	300.000000000	-0.000091791	-0.032337908	-0.000121593	0.000000000	0.000000000	
221	300.000000000	-0.000092983	-0.032570962	-0.000115037	0.000000000	0.000000000	
222	300.000000000	-0.000087023	-0.032370690	-0.000116825	0.000000000	0.000000000	
223	300.000000000	-0.000095367	-0.032593016	-0.000114441	0.000000000	0.000000000	
224	300.000000000	-0.000084043	-0.053215627	-0.000111461	0.000000000	0.000000000	
225	300.000000000	-0.000048876	-0.032505397	-0.000107884	0.000000000	0.000000000	
226	300.000000000	-0.000072122	-0.032223467	-0.000104904	0.000000000	0.000000000	
227	300.000000000	-0.000085831	-0.032412414	-0.000104904	0.000000000	0.000000000	
228	300.000000000	-0.000090599	-0.032590631	-0.000102520	0.000000000	0.000000000	
229	300.000000000	-0.000095367	-0.032470826	-0.000106692	0.000000000	0.000000000	
230	300.000000000	-0.000093579	-0.032237176	-0.000105500	0.000000000	0.000000000	
231	300.000000000	-0.000095367	-0.032435063	-0.000110269	0.000000000	0.000000000	
232	300.000000000	-0.000097752	-0.032326583	-0.000112057	0.000000000	0.000000000	
233	300.000000000	-0.000092983	-0.032433871	-0.000115037	0.000000000	0.000000000	
234	300.000000000	-0.000097156	-0.032287244	-0.000118613	0.000000000	0.000000000	
235	300.000000000	-0.000098944	-0.032457117	-0.000119209	0.000000000	0.000000000	
236	300.000000000	-0.000090003	-0.032150749	-0.000116825	0.000000000	0.000000000	
237	300.000000000	-0.000095963	-0.032572750	-0.000125170	0.000000000	0.000000000	
238	300.000000000	-0.000089407	-0.032336716	-0.000123978	0.000000000	0.000000000	
239	300.000000000	-0.000091791	-0.032458905	-0.000126958	0.000000000	0.000000000	
240	300.000000000	-0.000025034	-0.032454137	-0.000129342	0.000000000	0.000000000	
241	300.000000000	-0.000065565	-0.032618050	-0.000122190	0.000000000	0.000000000	
242	300.000000000	-0.000086427	-0.032426719	-0.000120401	0.000000000	0.000000000	
243	300.000000000	-0.000091195	-0.032718781	-0.000116825	0.000000000	0.000000000	
244	300.000000000	-0.000090003	-0.032325391	-0.000114441	0.000000000	0.000000000	
245	300.000000000	-0.000098348	-0.032559041	-0.000111461	0.000000000	0.000000000	
246	300.000000000	-0.000085831	-0.032283071	-0.000108480	0.000000000	0.000000000	
247	300.000000000	-0.000095367	-0.032477383	-0.000106096	0.000000000	0.000000000	
248	300.000000000	-0.000090599	-0.032369498	-0.000106692	0.000000000	0.000000000	
249	300.000000000	-0.000099540	-0.032428507	-0.000107288	0.000000000	0.000000000	
250	300.000000000	-0.000089407	-0.032332543	-0.000104308	0.000000000	0.000000000	
251	300.000000000	-0.000092983	-0.032580499	-0.000107288	0.000000000	0.000000000	
252	300.000000000	-0.000090599	-0.032270554	-0.000109673	0.000000000	0.000000000	
253	300.000000000	-0.000095963	-0.032569770	-0.000110865	0.000000000	0.000000000	
254	300.000000000	-0.000092983	-0.032261018	-0.000112653	0.000000000	0.000000000	
255	300.000000000	-0.000295043	-0.036266450	-0.000115633	0.000000000	0.000000000	
256	300.000000000	-0.000057220	-0.032438044	-0.000115633	0.000000000	0.000000000	
257	300.000000000	-0.000076890	-0.032581691	-0.000120401	0.000000000	0.000000000	
258	300.000000000	-0.000081062	-0.032335524	-0.000119209	0.000000000	0.000000000	
259	300.000000000	-0.000087023	-0.032585267	-0.000122786	0.000000000	0.000000000	
260	300.000000000	-0.000087619	-0.032191280	-0.000116825	0.000000000	0.000000000	
261	300.000000000	-0.000090003	-0.032618050	-0.000118017	0.000000000	0.000000000	
262	300.000000000	-0.000087023	-0.032258037	-0.000115633	0.000000000	0.000000000	
263	300.000000000	-0.000089407	-0.032482747	-0.000113249	0.000000000	0.000000000	
264	300.000000000	-0.000090003	-0.032311682	-0.000111461	0.000000000	0.000000000	
265	300.000000000	-0.000094175	-0.032447580	-0.000105500	0.000000000	0.000000000	
266	300.000000000	-0.000088215	-0.032351617	-0.000106692	0.000000000	0.000000000	
267	300.000000000	-0.000104308	-0.032494668	-0.000100136	0.000000000	0.000000000	
268	300.000000000	-0.000091195	-0.032271150	-0.000101924	0.000000000	0.000000000	
269	300.000000000	-0.000094175	-0.032560829	-0.000097752	0.000000000	0.000000000	
270	300.000000000	-0.000088215	-0.046179298	-0.000099540	0.000000000	0.000000000	
271	300.000000000	-0.000038147	-0.032564405	-0.000100732	0.000000000	0.000000000	
272	300.000000000	-0.000068545	-0.032246117	-0.000103712	0.000000000	0.000000000	
273	300.000000000	-0.000088215	-0.032519702	-0.000101328	0.000000000	0.000000000	
274	300.000000000	-0.000088215	-0.032296780	-0.000108480	0.000000000	0.000000000	
275	300.000000000	-0.000091791	-0.032455329	-0.000106692	0.000000000	0.000000000	
276	300.000000000	-0.000095367	-0.032258634	-0.000110865	0.000000000	0.000000000	
277	300.000000000	-0.000092387	-0.032606725	-0.000110865	0.000000000	0.000000000	
278	300.000000000	-0.000091791	-0.032730106	-0.000112057	0.000000000	0.000000000	
279	300.000000000	-0.000091791	-0.032547716	-0.000109673	0.000000000	0.000000000	
280	300.000000000	-0.000092983	-0.032261018	-0.000113249	0.000000000	0.000000000	
281	300.000000000	-0.000096560	-0.032531623	-0.000107884	0.000000000	0.000000000	
282	300.000000000	-0.000095367	-0.032503609	-0.000107884	0.000000000	0.000000000	
283	300.000000000	-0.000088811	-0.032509569	-0.000103116	0.000000000	0.000000000	
284	300.000000000	-0.000087619	-0.032233600	-0.000102520	0.000000000	0.000000000	
285	300.000000000	-0.000096560	-0.032521490	-0.000096560	0.000000000	0.000000000	
286	300.000000000	-0.000127554	-0.032586459	-0.000095367	0.000000000	0.000000000	
287	300.000000000	-0.000068545	-0.032747988	-0.000092983	0.000000000	0.000000000	
288	300.000000000	-0.000081062	-0.032469038	-0.000091195	0.000000000	0.000000000	
289	300.000000000	-0.000088215	-0.032607321	-0.000092983	0.000000000	0.000000000	
290	300.000000000	-0.000088215	-0.032355789	-0.000090599	0.000000000	0.000000000	
291	300.000000000	-0.000118017	-0.050626997	-0.000091791	0.000000000	0.000000000	
292	300.000000000	0.000019073	-0.039745573	-0.000099540	0.000000000	0.000000000	
293	300.000000000	-0.000051856	-0.048592094	-0.000098944	0.000000000	0.000000000	
294	300.000000000	-0.000014305	-0.033555035	-0.000104308	0.000000000	0.000000000	
295	300.000000000	-0.000009537	-0.054119829	-0.000106692	0.000000000	0.000000000	
296	300.000000000	-0.000017881	-0.031973127	-0.000106692	0.000000000	0.000000000	
297	300.000000000	-0.000074506	-0.034595136	-0.000115037	0.000000000	0.000000000	
298	300.000000000	-0.000034571	-0.032193664	-0.000115037	0.000000000	0.000000000	
299	300.000000000	-0.000075698	-0.032445792	-0.000115633	0.000000000	0.000000000	
 0	500.000000000	-0.000090003	-0.035507087	0.000040531	0.000000000	0.000000000	
 1	500.000000000	-0.000004768	-0.035176877	0.000015497	0.000000000	0.000000000	
 2	500.000000000	0.000003576	-0.035088662	-0.000010133	0.000000000	0.000000000	
 3	500.000000000	-0.000003576	-0.035134558	-0.000026822	0.000000000	0.000000000	
 4	500.000000000	-0.000019073	-0.034849051	-0.000041723	0.000000000	0.000000000	
 5	500.000000000	-0.000041127	-0.034584407	-0.000051856	0.000000000	0.000000000	
 6	500.000000000	-0.000059009	-0.034814481	-0.000063181	0.000000000	0.000000000	
 7	500.000000000	-0.000060797	-0.034480695	-0.000069737	0.000000000	0.000000000	
 8	500.000000000	-0.000077486	-0.034816269	-0.000075102	0.000000000	0.000000000	
 9	500.000000000	-0.000079274	-0.034417514	-0.000077486	0.000000000	0.000000000	
10	500.000000000	-0.000085831	-0.034617189	-0.000080466	0.000000000	0.000000000	
11	500.000000000	-0.000329614	-0.035726432	-0.000081658	0.000000000	0.000000000	
12	500.000000000	-0.000061393	-0.034852032	-0.000088215	0.000000000	0.000000000	
13	500.000000000	-0.000078082	-0.034470562	-0.000094175	0.000000000	0.000000000	
14	500.000000000	-0.000092983	-0.035243038	-0.000097752	0.000000000	0.000000000	
15	500.000000000	-0.000064373	-0.032485727	-0.000101328	0.000000000	0.000000000	
16	500.000000000	-0.000080466	-0.032748584	-0.000110865	0.000000000	0.000000000	
17	500.000000000	-0.000083447	-0.032550696	-0.000109673	0.000000000	0.000000000	
18	500.000000000	-0.000085235	-0.032538179	-0.000115633	0.000000000	0.000000000	
19	500.000000000	-0.000087619	-0.032238368	-0.000120401	0.000000000	0.000000000	
20	500.000000000	-0.000088811	-0.032458905	-0.000119805	0.000000000	0.000000000	
21	500.000000000	-0.000084639	-0.032332543	-0.000118017	0.000000000	0.000000000	
22	500.000000000	-0.000092983	-0.032716397	-0.000121593	0.000000000	0.000000000	
23	500.000000000	-0.000090599	-0.032184724	-0.000118017	0.000000000	0.000000000	
24	500.000000000	-0.000096560	-0.032481555	-0.000118613	0.000000000	0.000000000	
25	500.000000000	-0.000090003	-0.032195453	-0.000116825	0.000000000	0.000000000	
26	500.000000000	-0.000093579	-0.049611930	-0.000114441	0.000000000	0.000000000	
27	500.000000000	-0.000037551	-0.032235984	-0.000112057	0.000000000	0.000000000	
28	500.000000000	-0.000070333	-0.032422546	-0.000103712	0.000000000	0.000000000	
29	500.000000000	-0.000079274	-0.032355193	-0.000106692	0.000000000	0.000000000	
30	500.000000000	-0.000094175	-0.032514933	-0.000103116	0.000000000	0.000000000	
31	500.000000000	-0.000091791	-0.032295588	-0.000104308	0.000000000	0.000000000	
32	500.000000000	-0.000097156	-0.032595996	-0.000097752	0.000000000	0.000000000	
33	500.000000000	-0.000101924	-0.032281283	-0.000101328	0.000000000	0.000000000	
34	500.000000000	-0.000096560	-0.032563213	-0.000103712	0.000000000	0.000000000	
35	500.000000000	-0.000092387	-0.032334927	-0.000107288	0.000000000	0.000000000	
36	500.000000000	-0.000095367	-0.032628778	-0.000107884	0.000000000	0.000000000	
37	500.000000000	-0.000084639	-0.032411817	-0.000112653	0.000000000	0.000000000	
38	500.000000000	-0.000092983	-0.032634739	-0.000111461	0.000000000	0.000000000	
39	500.000000000	-0.000088215	-0.032290820	-0.000113249	0.000000000	0.000000000	
40	500.000000000	-0.000093579	-0.032678250	-0.000115037	0.000000000	0.000000000	
41	500.000000000	-0.000087023	-0.032323007	-0.000109673	0.000000000	0.000000000	
42	500.000000000	-0.000078678	-0.032776598	-0.000110865	0.000000000	0.000000000	
43	500.000000000	-0.000063181	-0.032452945	-0.000110865	0.000000000	0.000000000	
44	500.000000000	-0.000081658	-0.032610897	-0.000104904	0.000000000	0.000000000	
45	500.000000000	-0.000085831	-0.032358173	-0.000101328	0.000000000	0.000000000	
46	500.000000000	-0.000090599	-0.032621030	-0.000097156	0.000000000	0.000000000	
47	500.000000000	-0.000091195	-0.032383803	-0.000094771	0.000000000	0.000000000	
48	500.000000000	-0.000106692	-0.032672886	-0.000092983	0.000000000	0.000000000	
49	500.000000000	-0.000090003	-0.032443408	-0.000093579	0.000000000	0.000000000	
50	500.000000000	-0.000090599	-0.032610897	-0.000086427	0.000000000	0.000000000	
51	500.000000000	-0.000085831	-0.033008460	-0.000091791	0.000000000	0.000000000	
52	500.000000000	-0.000091791	-0.032725338	-0.000094771	0.000000000	0.000000000	
53	500.000000000	-0.000090003	-0.032472018	-0.000091791	0.000000000	0.000000000	
54	500.000000000	-0.000094175	-0.032832626	-0.000094771	0.000000000	0.000000000	
55	500.000000000	-0.000089407	-0.032336716	-0.000098348	0.000000000	0.000000000	
56	500.000000000	-0.000090599	-0.032631163	-0.000101924	0.000000000	0.000000000	
57	500.000000000	-0.000250936	-0.040470961	-0.000099540	0.000000000	0.000000000	
58	500.000000000	-0.000061989	-0.032755736	-0.000101328	0.000000000	0.000000000	
59	500.000000000	-0.000070930	-0.032395724	-0.000103116	0.000000000	0.000000000	
60	500.000000000	-0.000086427	-0.032624010	-0.000101924	0.000000000	0.000000000	
61	500.000000000	-0.000079870	-0.032397512	-0.000105500	0.000000000	0.000000000	
62	500.000000000	-0.000101924	-0.032659177	-0.000100732	0.000000000	0.000000000	
63	500.000000000	-0.000159740	-0.033050779	-0.000098348	0.000000000	0.000000000	
64	500.000000000	-0.000070333	-0.032719973	-0.000094175	0.000000000	0.000000000	
65	500.000000000	-0.000079870	-0.032480959	-0.000096560	0.000000000	0.000000000	
66	500.000000000	-0.000085831	-0.032731298	-0.000090003	0.000000000	0.000000000	
67	500.000000000	-0.000085235	-0.032487515	-0.000088811	0.000000000	0.000000000	
68	500.000000000	-0.000094175	-0.032730106	-0.000085831	0.000000000	0.000000000	
69	500.000000000	-0.000089407	-0.032367710	-0.000085235	0.000000000	0.000000000	
70	500.000000000	-0.000093579	-0.032728914	-0.000085831	0.000000000	0.000000000	
71	500.000000000	-0.000088215	-0.032421950	-0.000083447	0.000000000	0.000000000	
72	500.000000000	-0.000092387	-0.042578582	-0.000085831	0.000000000	0.000000000	
73	500.000000000	-0.000032783	-0.032402281	-0.000090003	0.000000000	0.000000000	
74	500.000000000	-0.000070333	-0.032718781	-0.000090003	0.000000000	0.000000000	
75	500.000000000	-0.000086427	-0.032333735	-0.000088215	0.000000000	0.000000000	
76	500.000000000	-0.000091791	-0.032667521	-0.000091195	0.000000000	0.000000000	
77	500.000000000	-0.000088811	-0.032505993	-0.000093579	0.000000000	0.000000000	
78	500.000000000	-0.000098944	-0.033082966	-0.000097156	0.000000000	0.000000000	
79	500.000000000	-0.000087023	-0.032052401	-0.000099540	0.000000000	0.000000000	
80	500.000000000	-0.000092983	-0.032309297	-0.000094771	0.000000000	0.000000000	
81	500.000000000	-0.000088811	-0.032161478	-0.000097156	0.000000000	0.000000000	
82	500.000000000	-0.000091791	-0.032351617	-0.000103116	0.000000000	0.000000000	
83	500.000000000	-0.000088811	-0.032117967	-0.000097752	0.000000000	0.000000000	
84	500.000000000	-0.000094175	-0.032517914	-0.000099540	0.000000000	0.000000000	
85	500.000000000	-0.000088215	-0.032184128	-0.000097752	0.000000000	0.000000000	
86	500.000000000	-0.000092387	-0.032517318	-0.000092387	0.000000000	0.000000000	
87	500.000000000	-0.000087023	-0.032187108	-0.000092387	0.000000000	0.000000000	
88	500.000000000	-0.000177622	-0.032681827	-0.000092387	0.000000000	0.000000000	
89	500.000000000	-0.000064373	-0.032320622	-0.000090599	0.000000000	0.000000000	
90	500.000000000	-0.000083447	-0.032833818	-0.000090599	0.000000000	0.000000000	
91	500.000000000	-0.000088215	-0.032529239	-0.000090599	0.000000000	0.000000000	
92	500.000000000	-0.000092387	-0.032864813	-0.000084043	0.000000000	0.000000000	
93	500.000000000	-0.000089407	-0.033165220	-0.000088215	0.000000000	0.000000000	
94	500.000000000	-0.000096560	-0.033763055	-0.000090599	0.000000000	0.000000000	
95	500.000000000	-0.000093579	-0.033305887	-0.000091195	0.000000000	0.000000000	
96	500.000000000	-0.000094771	-0.033628944	-0.000092387	0.000000000	0.000000000	
97	500.000000000	-0.000086427	-0.033067469	-0.000098944	4860725927304355197140066107392.000000000	72230149014064087656755625984.000000000	
98	500.000000000	-0.000092983	-0.033416156	-0.000101924	0.000000000	2123632287002360947547489494368256.000000000	
99	500.000000000	-0.000090599	-0.033128265	-0.000106096	0.000000000	0.000000000	
100	500.000000000	-0.000092387	-0.033510927	-0.000107288	0.000000000	0.000000000	
101	500.000000000	-0.000090599	-0.033252243	-0.000110865	0.000000000	0.000000000	
102	500.000000000	-0.000094175	-0.033572916	-0.000110865	0.000000000	0.000000000	
103	500.000000000	-0.000090599	-0.054954294	-0.000110865	0.000000000	0.000000000	
104	500.000000000	-0.000043511	-0.032505993	-0.000116229	0.000000000	0.000000000	
105	500.000000000	-0.000067949	-0.032261614	-0.000110269	0.000000000	0.000000000	
106	500.000000000	-0.000088215	-0.032489900	-0.000113249	0.059422903	0.000000000	
107	500.000000000	-0.000091195	-0.032296184	-0.000110865	0.000000000	0.000000000	
108	500.000000000	-0.000098348	-0.032866601	-0.000107288	0.000000000	0.000000000	
109	500.000000000	-0.000089407	-0.032304529	-0.000104904	0.000000000	0.000000000	
110	500.000000000	-0.000091791	-0.032595996	-0.000101328	0.059422903	4416581919795373408256.000000000	
111	500.000000000	-0.000088811	-0.032456521	-0.000101924	0.000000000	0.000000000	
112	500.000000000	-0.000094175	-0.032967333	-0.000097156	0.000000000	0.000000000	
113	500.000000000	-0.000090003	-0.032452349	-0.000095963	0.000000000	0.000000000	
114	500.000000000	-0.000098944	-0.032778386	-0.000095367	0.000000000	0.000000000	
115	500.000000000	-0.000090599	-0.032476787	-0.000097752	0.000000000	0.000000000	
116	500.000000000	-0.000095367	-0.032758716	-0.000097156	0.000000000	0.000000000	
117	500.000000000	-0.000094175	-0.032519702	-0.000098944	0.000000000	0.000000000	
118	500.000000000	-0.000095367	-0.035476092	-0.000104904	0.000000000	0.000000000	
119	500.000000000	-0.000030994	-0.032534603	-0.000108480	0.059422903	17593420030713899515904.000000000	
120	500.000000000	-0.000071526	-0.032604340	-0.000109673	0.000000000	0.000000000	
121	500.000000000	-0.000081658	-0.032401685	-0.000110865	0.000000000	0.000000000	
122	500.000000000	-0.000093579	-0.032662753	-0.000116825	0.000000000	0.000000000	
123	500.000000000	-0.000091791	-0.032428507	-0.000116825	0.000000000	0.000000000	
124	500.000000000	-0.000100136	-0.032666925	-0.000116229	0.000000000	0.000000000	
125	500.000000000	-0.000090003	-0.032410625	-0.000115633	0.000000000	0.000000000	
126	500.000000000	-0.000091195	-0.032977466	-0.000118017	0.000000000	0.000000000	
127	500.000000000	-0.000092387	-0.032352809	-0.000112057	0.000000000	0.000000000	
128	500.000000000	-0.000091195	-0.032734875	-0.000110865	0.000000000	0.000000000	
129	500.000000000	-0.000092387	-0.032454733	-0.000105500	0.000000000	0.000000000	
130	500.000000000	-0.000095367	-0.032714609	-0.000105500	0.000000000	0.000000000	
131	500.000000000	-0.000087023	-0.032442812	-0.000101328	0.000000000	0.000000000	
132	500.000000000	-0.000091791	-0.032823090	-0.000099540	0.000000000	0.000000000	
133	500.000000000	-0.000096560	-0.032398704	-0.000100732	0.000000000	0.000000000	
134	500.000000000	-0.000287294	-0.032819513	-0.000098348	0.000000000	0.000000000	
135	500.000000000	-0.000067353	-0.032535199	-0.000099540	0.000000000	0.000000000	
136	500.000000000	-0.000081062	-0.032718781	-0.000098348	0.000000000	0.000000000	
137	500.000000000	-0.000082254	-0.032443408	-0.000098944	0.000000000	0.000000000	
138	500.000000000	-0.000091195	-0.032644276	-0.000103116	0.000000000	0.000000000	
139	500.000000000	-0.000086427	-0.032346848	-0.000104308	0.000000000	0.000000000	
140	500.000000000	-0.000090003	-0.032584671	-0.000113845	0.000000000	0.000000000	
141	500.000000000	-0.000088811	-0.032399300	-0.000107884	0.000000000	0.000000000	
142	500.000000000	-0.000094771	-0.032561425	-0.000115037	0.000000000	0.000000000	
143	500.000000000	-0.000089407	-0.032337908	-0.000117421	0.000000000	0.000000000	
144	500.000000000	-0.000095367	-0.032665137	-0.000119209	0.000000000	0.000000000	
145	500.000000000	-0.000088811	-0.032306913	-0.000115633	0.000000000	0.000000000	
146	500.000000000	-0.000091791	-0.032630567	-0.000118017	0.000000000	0.000000000	
147	500.000000000	-0.000088215	-0.032414798	-0.000115037	0.000000000	0.000000000	
148	500.000000000	-0.000092387	-0.032620434	-0.000115037	0.000000000	0.000000000	
149	500.000000000	-0.000090003	-0.054268841	-0.000111461	0.000000000	0.000000000	
150	500.000000000	-0.000049472	-0.032473806	-0.000106692	0.000000000	0.000000000	
151	500.000000000	-0.000070333	-0.032056574	-0.000104308	0.000000000	0.000000000	
152	500.000000000	-0.000085831	-0.032444004	-0.000104904	0.000000000	0.000000000	
153	500.000000000	-0.000091195	-0.032156710	-0.000104308	0.000000000	0.000000000	
154	500.000000000	-0.000095963	-0.032409433	-0.000098348	0.000000000	0.000000000	
155	500.000000000	-0.000095367	-0.032375459	-0.000101328	0.000000000	0.000000000	
156	500.000000000	-0.000095963	-0.032563809	-0.000103116	0.000000000	0.000000000	
157	500.000000000	-0.000090599	-0.032322410	-0.000103116	0.000000000	0.000000000	
158	500.000000000	-0.000096560	-0.032567386	-0.000107884	0.000000000	0.000000000	
159	500.000000000	-0.000092387	-0.032380227	-0.000109077	0.000000000	0.000000000	
160	500.000000000	-0.000094175	-0.032503013	-0.000111461	0.000000000	0.000000000	
161	500.000000000	-0.000091791	-0.032262210	-0.000115037	0.000000000	0.000000000	
162	500.000000000	-0.000091195	-0.037744049	-0.000120401	0.000000000	0.000000000	
163	500.000000000	-0.000078678	-0.032615069	-0.000117421	0.000000000	0.000000000	
164	500.000000000	-0.000091791	-0.032852892	-0.000120401	0.000000000	0.000000000	
165	500.000000000	-0.000016689	-0.032784346	-0.000122190	0.000000000	0.000000000	
166	500.000000000	-0.000068545	-0.032999519	-0.000123978	0.000000000	0.000000000	
167	500.000000000	-0.000088215	-0.032476190	-0.000123382	0.000000000	0.000000000	
168	500.000000000	-0.000090003	-0.032731298	-0.000122190	0.000000000	0.000000000	
169	500.000000000	-0.000093579	-0.032427911	-0.000115037	0.000000000	0.000000000	
170	500.000000000	-0.000101328	-0.032638911	-0.000115633	0.000000000	0.000000000	
171	500.000000000	-0.000091195	-0.032364730	-0.000110865	0.000000000	0.000000000	
172	500.000000000	-0.000095963	-0.032575134	-0.000110269	0.000000000	0.000000000	
173	500.000000000	-0.000090003	-0.032308105	-0.000107884	0.000000000	0.000000000	
174	500.000000000	-0.000095367	-0.032595400	-0.000105500	0.000000000	0.000000000	
175	500.000000000	-0.000092387	-0.032297377	-0.000106692	0.000000000	0.000000000	
176	500.000000000	-0.000094771	-0.032556061	-0.000104308	0.000000000	0.000000000	
177	500.000000000	-0.000090599	-0.033003096	-0.000108480	0.000000000	0.000000000	
178	500.000000000	-0.000094175	-0.032554273	-0.000110269	0.000000000	0.000000000	
179	500.000000000	-0.000088215	-0.032331947	-0.000112057	0.000000000	0.000000000	
180	500.000000000	-0.000424385	-0.032836203	-0.000116229	0.000000000	0.000000000	
181	500.000000000	-0.000057817	-0.032371882	-0.000115633	0.000000000	0.000000000	
182	500.000000000	-0.000073910	-0.032448772	-0.000120401	0.000000000	0.000000000	
183	500.000000000	-0.000079870	-0.032173399	-0.000124574	0.000000000	0.000000000	
184	500.000000000	-0.000091195	-0.032399897	-0.000126958	0.000000000	0.000000000	
185	500.000000000	-0.000087023	-0.032213930	-0.000120997	0.000000000	0.000000000	
186	500.000000000	-0.000085235	-0.032447580	-0.000122190	0.000000000	0.000000000	
187	500.000000000	-0.000085831	-0.032246117	-0.000121593	0.000000000	0.000000000	
188	500.000000000	-0.000092983	-0.032422546	-0.000118613	0.000000000	0.000000000	
189	500.000000000	-0.000092387	-0.032251481	-0.000116825	0.000000000	0.000000000	
190	500.000000000	-0.000092387	-0.032395128	-0.000110865	0.000000000	0.000000000	
191	500.000000000	-0.000087619	-0.032285456	-0.000109077	0.000000000	0.000000000	
192	500.000000000	-0.000097156	-0.032623414	-0.000106692	0.000000000	0.000000000	
193	500.000000000	-0.000091791	-0.032181147	-0.000099540	0.000000000	0.000000000	
194	500.000000000	-0.000095963	-0.032476787	-0.000101924	0.000000000	0.000000000	
195	500.000000000	-0.000090599	-0.052894954	-0.000105500	0.000000000	0.000000000	
196	500.000000000	-0.000041723	-0.032380227	-0.000104904	0.000000000	0.000000000	
197	500.000000000	-0.000066757	-0.032181744	-0.000112057	0.000000000	0.000000000	
198	500.000000000	-0.000092983	-0.032433275	-0.000111461	0.000000000	0.000000000	
199	500.000000000	-0.000087619	-0.032508973	-0.000115633	0.000000000	0.000000000	
200	500.000000000	-0.000094175	-0.032394532	-0.000115037	0.000000000	0.000000000	
201	500.000000000	-0.000090003	-0.033013228	-0.000115037	0.000000000	0.000000000	
202	500.000000000	-0.000095963	-0.032863621	-0.000117421	0.000000000	0.000000000	
203	500.000000000	-0.000087619	-0.032336716	-0.000115633	0.000000000	0.000000000	
204	500.000000000	-0.000091791	-0.032563809	-0.000120997	0.000000000	0.000000000	
205	500.000000000	-0.000088215	-0.032176379	-0.000115037	0.000000000	0.000000000	
206	500.000000000	-0.000092983	-0.032519106	-0.000114441	0.000000000	0.000000000	
207	500.000000000	-0.000091195	-0.032320026	-0.000109673	0.000000000	0.000000000	
208	500.000000000	-0.000095367	-0.032498244	-0.000108480	0.000000000	0.000000000	
209	500.000000000	-0.000088215	-0.032356385	-0.000100732	0.000000000	0.000000000	
210	500.000000000	-0.000091791	-0.032463674	-0.000099540	0.000000000	0.000000000	
211	500.000000000	-0.000029802	-0.032455329	-0.000097156	0.000000000	0.000000000	
212	500.000000000	-0.000069737	-0.032552484	-0.000100136	0.000000000	0.000000000	
213	500.000000000	-0.000085235	-0.032453541	-0.000094175	0.000000000	0.000000000	
214	500.000000000	-0.000088811	-0.033072237	-0.000094175	0.000000000	0.000000000	
215	500.000000000	-0.000087023	-0.032376651	-0.000094175	0.000000000	0.000000000	
216	500.000000000	-0.000096560	-0.032591823	-0.000095963	0.000000000	0.000000000	
217	500.000000000	-0.000091791	-0.032265786	-0.000097752	0.000000000	0.000000000	
218	500.000000000	-0.000094771	-0.032486919	-0.000101924	0.000000000	0.000000000	
219	500.000000000	-0.000095367	-0.032307509	-0.000102520	0.000000000	0.000000000	
220	500.000000000	-0.000091791	-0.032533411	-0.000107288	0.000000000	0.000000000	
221	500.000000000	-0.000088811	-0.032267574	-0.000106692	0.000000000	0.000000000	
222	500.000000000	-0.000093579	-0.032585863	-0.000107884	0.000000000	0.000000000	
223	500.000000000	-0.000091791	-0.032312278	-0.000107288	0.000000000	0.000000000	
224	500.000000000	-0.000093579	-0.032569174	-0.000110269	0.000000000	0.000000000	
225	500.000000000	-0.000085235	-0.032299165	-0.000106096	0.000000000	0.000000000	
226	500.000000000	-0.000287294	-0.035954122	-0.000104904	0.000000000	0.000000000	
227	500.000000000	-0.000055432	-0.032486919	-0.000098944	0.000000000	0.000000000	
228	500.000000000	-0.000075102	-0.032572750	-0.000100732	0.000000000	0.000000000	
229	500.000000000	-0.000081062	-0.032702688	-0.000095963	0.000000000	0.000000000	
230	500.000000000	-0.000089407	-0.032543544	-0.000094771	0.000000000	0.000000000	
231	500.000000000	-0.000088215	-0.032285456	-0.000092983	0.000000000	0.000000000	
232	500.000000000	-0.000092387	-0.032591227	-0.000089407	0.000000000	0.000000000	
233	500.000000000	-0.000088215	-0.032184128	-0.000091791	0.000000000	0.000000000	
234	500.000000000	-0.000094771	-0.032472614	-0.000090003	0.000000000	0.000000000	
235	500.000000000	-0.000090599	-0.032153133	-0.000087023	0.000000000	0.000000000	
236	500.000000000	-0.000093579	-0.032547120	-0.000093579	0.000000000	0.000000000	
237	500.000000000	-0.000091195	-0.032239560	-0.000095963	0.000000000	0.000000000	
238	500.000000000	-0.000090599	-0.032569174	-0.000103712	0.000000000	0.000000000	
239	500.000000000	-0.000088811	-0.032309894	-0.000100732	0.000000000	0.000000000	
240	500.000000000	-0.000091195	-0.032603744	-0.000106692	0.000000000	0.000000000	
241	500.000000000	-0.000090003	-0.045713190	-0.000111461	0.000000000	0.000000000	
242	500.000000000	-0.000044703	-0.032489900	-0.000111461	0.000000000	0.000000000	
243	500.000000000	-0.000070333	-0.031997565	-0.000113845	0.000000000	0.000000000	
244	500.000000000	-0.000084639	-0.032214526	-0.000114441	0.000000000	0.000000000	
245	500.000000000	-0.000085235	-0.032019619	-0.000115633	0.000000000	0.000000000	
246	500.000000000	-0.000093579	-0.032209162	-0.000113249	0.000000000	0.000000000	
247	500.000000000	-0.000092983	-0.032039884	-0.000113249	0.000000000	0.000000000	
248	500.000000000	-0.000092387	-0.032219294	-0.000109077	0.000000000	0.000000000	
249	500.000000000	-0.000089407	-0.031926636	-0.000105500	0.000000000	0.000000000	
250	500.000000000	-0.000094175	-0.032269362	-0.000104308	0.000000000	0.000000000	
251	500.000000000	-0.000090003	-0.032001141	-0.000098348	0.000000000	0.000000000	
252	500.000000000	-0.000093579	-0.032221679	-0.000100136	0.000000000	0.000000000	
253	500.000000000	-0.000093579	-0.031898025	-0.000098944	0.000000000	0.000000000	
254	500.000000000	-0.000097156	-0.032061938	-0.000098348	0.000000000	0.000000000	
255	500.000000000	-0.000092387	-0.032161478	-0.000099540	0.000000000	0.000000000	
256	500.000000000	-0.000095367	-0.032434467	-0.000103116	0.000000000	0.000000000	
257	500.000000000	-0.000113845	-0.032477383	-0.000104904	0.000000000	0.000000000	
258	500.000000000	-0.000069737	-0.032709245	-0.000107884	0.000000000	0.000000000	
259	500.000000000	-0.000081658	-0.032269958	-0.000110865	0.000000000	0.000000000	
260	500.000000000	-0.000088215	-0.032619242	-0.000113845	0.000000000	0.000000000	
261	500.000000000	-0.000090599	-0.032227043	-0.000120997	0.000000000	0.000000000	
262	500.000000000	-0.000091791	-0.032563809	-0.000115633	0.000000000	0.000000000	
263	500.000000000	-0.000088811	-0.032349233	-0.000119805	0.000000000	0.000000000	
264	500.000000000	-0.000092983	-0.032532815	-0.000122190	0.000000000	0.000000000	
265	500.000000000	-0.000088215	-0.032299165	-0.000121593	0.000000000	0.000000000	
266	500.000000000	-0.000123978	-0.037179593	-0.000122190	0.000000000	0.000000000	
267	500.000000000	-0.000107288	-0.037150983	-0.000121593	0.000000000	0.000000000	
268	500.000000000	-0.000099540	-0.037225489	-0.000121593	0.000000000	0.000000000	
269	500.000000000	-0.000084043	-0.034121279	-0.000125170	0.000000000	0.000000000	
270	500.000000000	-0.000075102	-0.034394268	-0.000125766	0.000000000	0.000000000	
271	500.000000000	-0.000079274	-0.034111742	-0.000129938	0.000000000	0.000000000	
272	500.000000000	-0.000237823	-0.043220524	-0.000124574	0.000000000	0.000000000	
273	500.000000000	-0.000053048	-0.034215454	-0.000125170	0.000000000	0.000000000	
274	500.000000000	-0.000075698	-0.034291748	-0.000122190	0.000000000	0.000000000	
275	500.000000000	-0.000084639	-0.034387711	-0.000120997	0.000000000	0.000000000	
276	500.000000000	-0.000092983	-0.035059456	-0.000119209	0.000000000	0.000000000	
277	500.000000000	-0.000091195	-0.034380559	-0.000116825	0.000000000	0.000000000	
278	500.000000000	-0.000098348	-0.034472350	-0.000109077	0.000000000	0.000000000	
279	500.000000000	-0.000095367	-0.034377579	-0.000110865	0.000000000	0.000000000	
280	500.000000000	-0.000096560	-0.034559969	-0.000110269	0.000000000	0.000000000	
281	500.000000000	-0.000087023	-0.034379367	-0.000106692	0.000000000	0.000000000	
282	500.000000000	-0.000095963	-0.034647588	-0.000100732	0.000000000	0.000000000	
283	500.000000000	-0.000099540	-0.034395460	-0.000102520	0.000000000	0.000000000	
284	500.000000000	-0.000092983	-0.034644011	-0.000104308	0.000000000	0.000000000	
285	500.000000000	-0.000075698	-0.032548312	-0.000103116	0.000000000	0.000000000	
286	500.000000000	-0.000086427	-0.032756928	-0.000103116	0.000000000	0.000000000	
287	500.000000000	-0.000090003	-0.042288903	-0.000110269	0.000000000	0.000000000	
288	500.000000000	-0.000109077	-0.034718517	-0.000107884	0.000000000	0.000000000	
289	500.000000000	-0.000049472	-0.032560829	-0.000113249	0.000000000	0.000000000	
290	500.000000000	-0.000081062	-0.032329563	-0.000113845	0.000000000	0.000000000	
291	500.000000000	-0.000084639	-0.032138232	-0.000113249	0.000000000	0.000000000	
292	500.000000000	-0.000088811	-0.032687191	-0.000113249	0.000000000	0.000000000	
293	500.000000000	-0.000092387	-0.032278303	-0.000116825	0.000000000	0.000000000	
294	500.000000000	-0.000096560	-0.032513145	-0.000120401	0.000000000	0.000000000	
295	500.000000000	-0.000092983	-0.032176975	-0.000120997	0.000000000	0.000000000	
296	500.000000000	-0.000096560	-0.032405261	-0.000117421	0.000000000	0.000000000	
297	500.000000000	-0.000088811	-0.032182340	-0.000119805	0.000000000	0.000000000	
298	500.000000000	-0.000094175	-0.032416586	-0.000112057	0.000000000	0.000000000	
299	500.000000000	-0.000090599	-0.032219294	-0.000112653	0.000000000	0.000000000	
